32.070838, 34.787849

32.071022, 34.787635

32.070327, 34.788425

32.070877, 34.787860

32.070854, 34.787872

32.070312, 34.788459

32.070865, 34.787864

32.070858, 34.787841

32.070850, 34.787872

32.070327, 34.788471

32.071022, 34.787662

32.070320, 34.788444

32.070476, 34.788238

32.071022, 34.787651

32.070270, 34.786869

32.070285, 34.787094

32.070705, 34.788116

32.070537, 34.787265

32.070129, 34.787090

32.070144, 34.787067

32.070587, 34.788021

32.070056, 34.788185

32.069862, 34.787963

32.069831, 34.787910

32.070606, 34.787940

32.070625, 34.787937

32.070297, 34.788204

32.070503, 34.787601

32.070182, 34.786930

32.070205, 34.788105

32.070903, 34.788105

32.070083, 34.788131

32.070194, 34.787162

32.070095, 34.788124

32.069938, 34.787071

32.070304, 34.787906

32.070304, 34.787292

32.070106, 34.788120

32.070106, 34.788127

32.069904, 34.787044

32.070304, 34.787879

32.070362, 34.787887

32.070018, 34.787078

32.070007, 34.787071

32.070014, 34.787094

32.070011, 34.788166

32.069828, 34.787117

32.070316, 34.787712

32.069976, 34.788181

32.070434, 34.787536

32.070850, 34.787769

32.070434, 34.787532

32.070503, 34.788208

32.070514, 34.788192

32.070526, 34.787899

32.070533, 34.787891

32.070186, 34.787071

32.070251, 34.787181

32.070590, 34.787513

32.069999, 34.787719

32.070369, 34.788024

32.070316, 34.787071

32.070304, 34.787063

32.070159, 34.787841

32.070262, 34.787052

32.070289, 34.788047

32.069934, 34.787078

32.069938, 34.787063

32.069881, 34.787086

32.070316, 34.788024

32.069782, 34.787403

32.070190, 34.789455

32.070430, 34.788845

32.070232, 34.788970

32.070274, 34.789245

32.070270, 34.789390

32.070320, 34.788722

32.070026, 34.788330

32.070705, 34.788837

32.070648, 34.789333

32.070926, 34.789012

32.070888, 34.788982

32.070507, 34.688692

32.070613, 34.789112

32.070686, 34.789192

32.070671, 34.789157

32.070922, 34.788940

32.070350, 34.788234

32.070613, 34.789127

32.070686, 34.789196

32.070682, 34.789138

32.070930, 34.788959

32.070625, 34.788753

32.070327, 34.789554

32.070045, 34.788211

32.069839, 34.785942

32.069995, 34.786128

32.070320, 34.786388

32.069854, 34.785961

32.069858, 34.785968

32.069881, 34.785949

32.069950, 34.785648

32.069873, 34.785644

32.069854, 34.785976

32.069847, 34.785652

32.069885, 34.785900

32.069911, 34.786197

32.069931, 34.786285

32.069934, 34.786277

32.068962, 34.787601

32.071678, 34.786933

32.071739, 34.788070

32.070922, 34.787540

32.074024, 34.785346

32.072166, 34.793079

32.069782, 34.794040

32.076595, 34.788948

32.073829, 34.785358

32.064720, 34.785190

32.076255, 34.786796

32.068473, 34.798557

32.076080, 34.788276

32.077297, 34.801029

32.080467, 34.788021

32.074188, 34.792335

32.069526, 34.801799

32.073181, 34.795936

32.069335, 34.798652

32.064735, 34.794818

32.077735, 34.794914

32.072841, 34.795726

32.079895, 34.800544

32.072948, 34.786571

32.072410, 34.794178

32.064422, 34.796203

32.074047, 34.784931

32.072544, 34.792675

32.069267, 34.802738

32.069755, 34.794029

32.067478, 34.793300

32.076625, 34.804553

32.077655, 34.803455

32.073959, 34.796119

32.075851, 34.794803

32.067546, 34.798477

32.070579, 34.795345

32.078002, 34.795059

32.065216, 34.793346

32.078330, 34.797142

32.071792, 34.790702

32.072803, 34.796058

32.074672, 34.795734

32.080081, 34.801631

32.077278, 34.796352

32.073520, 34.791244

32.071521, 34.792907

32.076469, 34.787334

32.074344, 34.793273

32.077754, 34.793975

32.082118, 34.788169

32.074794, 34.788299

32.082107, 34.798564

32.079586, 34.791030

32.078540, 34.795818

32.068088, 34.793621

32.080471, 34.800891

32.070514, 34.796997

32.071746, 34.794368

32.073951, 34.789813

32.077510, 34.797065

32.071849, 34.797679

32.080665, 34.783363

32.065322, 34.794235

32.080417, 34.800064

32.076236, 34.794170

32.067607, 34.797718

32.076755, 34.790538

32.067195, 34.794738

32.075725, 34.789802

32.067871, 34.794742

32.074474, 34.783081

32.080356, 34.798252

32.076519, 34.802165

32.081890, 34.802410

32.080337, 34.800067

32.071334, 34.795089

32.075962, 34.803058

32.071372, 34.803760

32.065013, 34.795837

32.072849, 34.786468

32.072982, 34.803932

32.070079, 34.794029

32.078121, 34.793781

32.064796, 34.787631

32.079818, 34.797500

32.076648, 34.789340

32.078018, 34.784996

32.078945, 34.804481

32.066631, 34.793312

32.081165, 34.799175

32.070175, 34.787162

32.076118, 34.794380

32.080078, 34.799915

32.074630, 34.809314

32.064811, 34.824073

32.065464, 34.820568

32.066223, 34.817867

32.066017, 34.817657

32.069274, 34.811130

32.075294, 34.810703

32.071147, 34.810802

32.080520, 34.805747

32.069023, 34.811458

32.068019, 34.782646

32.061206, 34.781764

32.058032, 34.789775

32.060359, 34.778583

32.054809, 34.801082

32.095520, 34.797721

32.097068, 34.798210

32.100955, 34.798927

32.034790, 34.792095

32.105327, 34.802650

32.021781, 34.776077

32.014141, 34.800010

32.013664, 34.766181

32.011539, 34.802162

32.014537, 34.762367

32.014270, 34.758548

31.982202, 34.797649

31.970701, 34.789459

31.970632, 34.787265

31.968217, 34.801033
